1416842245
1016103566
1550842632
1443747588
1604151821
1385822925
1993547551
1822998088
1606079476
1387230051
1045614031
1140036441
1371387464
1031057561
1271117942
1062552193
1155653494
1948487971
2031622146
1634799411
1438898525
1988302388
1135221463
1061698102
1560362202
1965370180
1126230811
2001924974
1637020955
1478461695
2131511059
1885414840
1649308236
2024003428
1983264817
1408624711
1030990855
1894156197
1674771779
1608331176
1014832482
1378473868
2180801007
1008241397
1280623837
1266221343
2147646362
1518460769
1780785047
2084025322
1864160118
1124625729
1996928799
1462336543
1787341238
1508531918
1738700059
1622851361
1104523929
1897992552
1467096188
1223091145
1211897728
1154638301
1767658937
1116823467
1033391817
1779960683
1577113369
1637721433
1945754992
1831936830
1955584659
2129387673
1335366753
1391246663
1595458643
1774441431
2161330489
1634254570
1079436346
1558534095
2026720453
1453818428
1906422800
1453430629
1896981534
1435911733
1176017583
1370046875
1419812737
1513500693
1020787171
1679683099
1843996636
1522265749
1811871079
1593347738
1725449408
1003242495
1342354286
2168660051
1723021721
2076664406
1702228454
1490495574
2144654378
1004871056
1729726815
1885130252
2014483612
1668613461
1392312286
1154841130
1055288626
1665228361
1580244460
1072249626
2057112117
1378687761
1367584807
1730297792
1761107495
1594279894
1412543857
1681400331
1404078799
1883012308
1790033487
1222053324
1201416258
1394522545
1912010978
1501964048
1451604142
1784640747
1888281866
1735271868
1763056156
1213632365
2035042574
1315857165
1129406364
1217736367
1917197310
1936712220
1539644359
2076435470
1633109341
1545145018
1364430687
1428083188
1597191838
1408061882
1464084577
1688747067
1817842765
1858409210
1087920610
1148018077
1760558897
1410984727
1793244287
1443174831
1011573520
1750190586
1858040642
1319269956
1808131653
1066135737
2186901698
1270542125
1229856127
1096918385
1086884515
1038689237
1801176962
1386214768
1079503327
1976146595
1846558982
1683864844
2020743693
2093121990
1543886374
1578431836
2166380204
1182576375
1247684158
1548581846
1383655405
1742547630
1906036874
1909763671
2115226174
1063837532
2070317820
1132016784
1211869717
2107543441
1636989225
2038215331
2000632679
1329441753
1112041101
1505671485
1978069445
1455645843
1395652843
1977765235
1281098727
1570682022
1859233925
1110826777
1864036536
1094873321
2022299230
2189950516
1959775078
1237318815
2005387964
1256571112
1308365833
2089172244
2024460094
1526742557
2190847088
2139329162
1606803386
1971444553
1936044635
1260914816
1428486515
2110408599
1875838378
2154261521
1374080544
1673140076
1204060584
2124895175
1666621425
1916733476
1371734529
1301983220
1044336737
1862962369
1749192134
1206861373
1500234513
2169975455
2051913956
1390789326
1649299088
1572313241
1439765530
1278515550
1738882608
1950511336
1772249371
1218748722
1743106263
2150646951
1397885678
1809151591
1252471040
1440733088
1781940357
1479624555
1664735776
1805968499
2113669858
1294289703
1072191839
1660310434
1916927338
1957136469
1405203965
1603283338
1589927690
1342289773
1249636443
1141738484
2001385481
1951849504
1251504172
1705445227
1575893811
1897667855
1452697099
2136709782
1626153466
2165605805
1669730449
2189637488
1682070909
1880351157
2074546957
1579921569
1164822776
1859852923
1730762480
1240426380
1809644273
1521242866
1555959566
2027723440
1717962364
1726864139
2056629824
1687827044
1228899739
1636754623
2063195496
2120533599
2066956695
1031547930
1049415185
1874652203
1592241671
1754798931
1361869811
1164643673
1141097844
1587186083
1234973208
1197808092
1039679933
1597097744
1405650960
1618451476
2189836696
1379296525
1291270780
1433074515
1959343678
1265366336
1595875702
1198028908
1799251515
1470830604
1307737895
1597425348
1803600976
1340587468
1768556567
1301304353
1212072036
1126044659
1580278682
1491824483
1745283926
1964061505
1595683604
1053020348
1303597248
1768923171
1483694317
1360941129
2064408674
1110765818
1567445275
1359785185
1181464910
1759539096
1219491851
2049089942
1738903281
1629964676
1293531653
1123893264
1152058931
2156331041
1683945735
1081485865
1403293617
1231672761
1269689449
1991635477
1453768545
2051013698
1619616226
1140389342
1552853133
1331201712
1810218634
1538266423
1284819645
1787945874
1484471350
2168254448
1803359032
1133906514
2059332599
2155229048
2199639447
1805721855
1803083263
1246787020
1121886324
1106218359
1812459603
2054175021
2056760915
1877027650
1099055826
1752724039
1282658283
2017586354
1723939960
1926785359
2063177392
1987458483
1372306883
1660032989
1979850179
1601096590
1912968023
1421054907
1528657819
1172433824
1726565853
2065481699
1176528327
1099851945
2155772294
1520584229
1630264164
1653494595
1566784901
2052531748
1420566621
1889525320
1107568300
1351081652
1923638805
1732602691
1029105327
2028923136
1152090215
1244275846
1557796989
1865440462
2048356693
2114782163
1023072711
1166058932
1958989515
1567871324
1239119302
2014177409
1566326565
1674425156
1946804832
2197652122
1096059327
1687772651
1427406654
2177973671
1131086024
1509691962
1198176637
1453274036
2070230480
1994290995
1693317599
1545594027
1374197648
1682259800
1957834229
2146058064
1933777843
2133669461
1047720587
1805851130
1270783448
1644809636
1477676042
2168340259
1856229122
1987659304
1206192368
1614479728
2000344415
1885803934
1844460194
2147488250
1754061436
1049700332
1793365949
1299168426
1958066181
1879736674
2032757911
1335147824
1834665567
1278754521
1142048563
1359240371
1743653764
1380423292
1352988196
1083793462
1613881282
2105413985
1232437857
1392458761
1961244444
1553420269
1945556715
1493917484
2085381051
1106053503
1300708437
1896199238
2093434119
2046140034
1135298880
1308081798
1001695454
1420677764
1896685327
1199887865
1786797889
1663910147
1561833022
1754035326
1447086663
2016420583
1973289033
2057383828
1275308304
2072320191
1860608649
1837678635
1538753105
1543168885
1808242109
1592988530
1776881976
1892742689
1298485435
1596668783
1533465348
1224115271
1555116405
2091955760
2034020807
1887959333
1833360449
2165189394
1257042323
1981398044
1106596752
1760218531
1513576934
1353034185
1253643608
1929374908
1633957945
1853452217
1376434353
1496393397
1959557695
1059994418
1917613797
1909740779
1444284089
2006809329
2061085501
1740823416
1922045506
1166375654
1616195848
1408917897
1542353270
1477767592
1038824038
2185003680
1688009080
1957887333
1871432938
1397421070
1966088324
1610774457
1961209786
2041568225
1115567229
1678026133
1236238844
1886341121
1740190642
2028805060
1504697589
1009918512
2097110172
1277656747
1134932599
1059438757
1386657939
2112122610
1563237752
1103148085
1768025394
1536964993
1951154277
2072928013
1342470442
1102372767
1906138204
2115875935
1100704097
1301621388
1581474625
1498341440
1472400207
1214998770
1853082851
1299490825
1409822031
1155450806
1585435369
2047229650
1940375778
1411451609
1318145199
1023642549
2009050155
1266071169
1474617653
1483096215
1389574126
1347087644
1762957660
1386211805
1281963109
1317267017
1012560524
1135130470
1631630070
1611293708
1116048340
1531927801
1714356339
2188952133
1900665631
1349142053
1938334453
1461969451
1396727161
1965723053
1522506851
1784296012
2049272442
2122341521
1512474727
1334119694
1432854683
1067302189
1559473142
1370043327
1951290737
1508922077
1874835197
1149178302
1872462292
1400525328
2003180043
1894777414
1978636274
1787939446
1992410632
1694475769
1521292879
1427310599
1829114818
2189764217
1896577494
1045006961
1327830697
1226707733
1838791793
1625327336
1552166238
1973825039
1460911768
1730777887
1404413681
1950375025
1839641744
1146494985
1537587230
1438725923
1563647820
1312912244
1384079584
1929471357
1730690664
1395159687
2079660091
1553364706
1951338445
1596349504
2071381705
1489747148
1362096554
1526983995
2068343225
1061627184
1435486100
1734746268
1852798239
1241118374
2186285318
2000117354
1159856598
1112792166
1921613504
1566123077
1307376512
1985975868
1504093193
1527919057
1521041250
1735218972
2150461591
1700769332
2085793082
2090430522
1997505832
2105867675
1977619338
1894472177
1371942426
1497806821
1150116250
1672360033
1880720952
1428312122
1692834866
1447773896
1750808746
1959994223
1938513784
1966311859
1546302035
1371352276
2197376919
1268924230
1755320708
2130518442
1716265795
1689529227
1418818380
2046255854
1808656427
1531205939
1165832891
1848437536
1934211565
1186341215
1574350490
1030243882
2169739791
1565083688
1065601815
1016789434
1384367557
1149368793
1829939236
1370895756
1522532810
1680813123
1866184253
1214171963
1015666552
1094723294
1418867613
2101859694
2159621262
1011790958
2056513300
1085097135
1869041214
1653974060
1910478765
1119900759
1394716556
1045586147
1445558988
1155538302
1645533659
1218861072
1559214434
2078065126
1316624960
1769916666
1206773970
1491967379
1477576859
1341755864
1044053804
1883330275
1914882489
1606315528
1147929713
1415822041
1612387081
1516731745
1198390446
1852318164
1414594951
1666665459
1252574524
1108514162
1044054659
1686908547
1436075625
2102585275
2160565569
2125403301
1749084674
2108629346
1016052951
1975419232
1095089623
1930565035
1701725932
2037082605
2062944292
1657114340
1834703450
2019989137
1956316947
1112737168
1678227853
1628691195
1782594633
1481598218
1424860932
1070635388
1127195171
2124456240
1191685062
1933441326
1548719399
2162075161
1406827100
1614461171
1986796097
1344993228
1066935979
1634979288
1308426481
1070721811
1288565668
1813873090
1466986613
1108673531
1612861311
1024678102
1775475343
1123987152
2054202738
1955601118
1927145883
1151902134
2092704620
1665702381
2176401384
1442250816
1996516215
1580842617
2109628416
1591861758
1489878011
1141381099
2177883194
1644017896
1570914288
2074098027
1229376241
1099650595
1150661321
1610491715
2148423121
1720923708
1636592797
1191366693
2037207843
1019993222
1493684040
1842778579
2186827350
1514849657
2011441258
1898010014
1109997526
1876983167
2166549227
1648441879
1320035641
1250978379
1754146083
1689484491
1056778815
2024536308
1701491063
1396515297
1510645703
1404737399
1420263290
2031300975
1876594983
1139875012
1805138081
1987448908
1985253674
1832224345
2052463093
1958304347
2139467109
2178088647
1770567777
2124502490
1213282429
1533319807
1198589806
1139275310
2170293978
1336763980
1886205189
2073395898
1880010996
1076560711
2182312912
1437171934
1181490607
1681784629
1304909587
1750990822
2060396794
1922992373
1988590518
1717678149
1495078004
2117963449
2014277784
1427345096
1251714808
1813805378
1772745369
1732260409
1868210698
2088139564
1754840707
1771812163
2037089607
1389987894
1371696059
1062234973
1118901240
1023556952
1124446337
1647752176
2127432496
1652730301
1001938609
1350974421
1131681082
1015745135
1111944081
1474967983
1417233235
1152827467
1308424228
2118103302
1206370876
1108335875
1945859586
1475166647
1283610356
1296865037
1319871084
1147851046
2063935083
1069155553
1800091933
2043951242
2004947527
1363518259
1715779621
1093128214
1172683452
1161962914
1845104269
1495081135
1128932359
1423662205
1814176301
1960056627
1354393180
1977405171
1630937676
1386074902
1234709185
1115372567
1113648934
1986449268
1843757632
2013863643
1060540954
1528396592
1120425902
2158235740
2197608942
1426013893
1928316644
1989203989
1502217516
1762322400
1071535855
1340428122
2198125159
1739776747
1625137527
1014407327
2115949830
1314145931
2049960115
1051844541
1389283499
1191118406
1416280040
1998457025
2136122551
1854448061
1708455641
1795077622
1396428113
1059594635
2089882619
1363242640
1280849459
2139548862
1619888195
1436089724
1707930726
1188210996
1205329180
1614393982
1988455184
2003348853
1728994436
1600593371
1350415432
1341706354
1395763454
1024079394
1079295520
1574684260
1493289425
1722327173
1053806350
2037631718
2155374018
2150618492
2094762103
2019521812
1013929041
1833502078
1830868376
1567711647
1666048275
1803793504
1590732749
1467855795
1866608205
1358825224
2130200702
1901579057
1963681366
1870136145
2166498417
1968413129
1949711788
2187566929
1720644111
1174499866
1163566626
1308690140
1942416210
1542892015
1178281676
1530217843
2093332981
1832350929
2082554929
1656720520
1736348843
1478878423
2177661305
1160890049
1726563993
1431671961
1490628355
1356117045
1322504588
1788595528
2021649932
1726093715
1100696248
1761551492
1237819545
1912904249
1023256494
1087368354
2199964644
1639113893
2107014140
1348168497
1380628000
1851511847
1429410829
2072602751
2004008382
1760446369
1366164699
1540215863
1193532525
1202187609
2192837152
1531809664
2007146351
2075450332
1519340130
1166438041
1706596134
1872568985
1726662679
2039294633
1508733060
1881142669
1433888040
2057450174
1629438706
1457485208
1110704945
2193079606
1549176102
2058274990
1835471469
1923207176
1699694848
1625641378
1212122098
1159310702
2045480919
1965864572
1883441564
1159112603
1129225278
2000273872
2021598371
1283068632
2041388746
1833387648
1150477405
1355634528
1449771229
1756159049
1294838809
1659812417
1852174417
1545910923
1941231895
1310310158
1528173933
1680158162
1342975317
1846519593
1951791022
2008914265
2173011600
2091280313
1051052941
1782674274
1867807867
1684418017
1419676677
1732643083
1073356131
1335983812
2185559108
1521207418
2136994458
1542828915
1768012916
1023545429
1009188087
1371383745
1993030574
1910209713
1906675867
1515353838
2062911468
2165126776
1016343326
1759825355
2089560414
1619627354
1496422596
1661546743
1906411928
1106144110
1308928276
2139502551
2126412075
2037750691
1402054534
1226422546
2189430316
1357620600
1842046947
1294531303
2047722124
1994775857
1165960220
1504202977
2042702269
1847424764
1928019620
2199779677
1378366161
1129534871
1909124539
1725382380
1000938267
2102851581
2189629888
2093156861
1849120516
1486376201
1140578691
1123702747
1327319989
2068845911
1083991915
1572357839
1577862257
1917492540
1590094842
1347690835
1204261719
1209071601
1031377542
2100825206
1541636770
1089918905
2003259638
1069998483
2180570414
1708705336
1004613180
1618953600
1809945861
1063274328
1248238526
1954130492
1935247725
2157942823
1910877147
1493466087
1688155500
1573859200
1446913984
1974912730
1165380099
1389707835
1258890830
1364906676
1106022083
1642758496
1573513137
1231716355
1568529045
1724929798
1305869852
1569736311
2115252214
1503954335
1515529521
1313834138
1133012181
1771736330
2097347697
1335267930
1751155572
2086953517
1255673343
1348857597
1112776361
2013928385
1080735315
1593387995
1795841844
1974908083
1394884609
1576540150
1271702098
2047294045
1565687823
1038668700
2109913503
1304390871
2116155554
1066075748
1369967522
1961109949
1354217363
1824117874
2040945014
1620945917
1298474003
1816657465
1474131259
2062649650
1639397699
1938170783
1526030237
1580225665
1201618617
1325958434
1851635576
1684526447
1944908996
1390686395
1346773585
1055884577
1543570743
1461044723
1457301685
2001725173
2140482892
2039538165
1395465374
1298370478
1442086939
1950949884
1878374156
1351310714
2097118653
1921543538
1413565280
1697120775
2068618051
1013955712
2119930115
1284389062
1784176511
1101178523
2018207833
1655073801
1821722944
2129871007
1099420775
1250480048
2181110739
1961690404
2113140812
2098300568
2126788572
1339697836
1454154821
1547241117
1811433648
1803286080
1551157050
1034727477
1734050455
1290521501
1528863512
1374518803
1633817134
1229358284
1192617532
1801784573
2068880080
1575362088
1336102180
1958798724
1790607123
2070973193
1149082684
2154600171
1602775537
1816050701
1499162473
1153585845
2145738271
1779711529
2176156141
1964831573
2007357999
1339790629
1251127648
1724038242
2165728806
1321730214
1924762882
1889544970
1757818281
1313985759
1119987725
1216694592
2131798967
2101329780
1427068612
2080124810
1850949359
1628940334
1416393293
2142644641
2125537918
1540786980
1045677773
1696589280
1617937697
1088583702
1109945661
1215257130
1838508775
1641890521
1036946045
1776554839
1416662597
1575083671
1280499904
1919515826
1955404834
1345849536
1050183234
1461652967
1115187738
1114208566
1946818130
1615806359
1869536830
1530750605
2174313040
1131567761
1701138890
1977099928
1664733703
1455558228
2075112354
2077978602
2053056527
1256832412
1238302234
1973486608
1363681960
1768315224
1402163697
1129074542
1904435642
1488123842
1005479950
1828744135
1952908610
1301278098
1063922509
2146964668
1615639781
1522384393
1419289707
1757029171
1963830728
1032432780
2091114595
2093119101
1036999582
1063104604
2017412100
1241234158
1234142987
1754538102
2103292474
1925466029
1865151285
1159051949
2159811547
1715250669
1973017953
1370348650
2141261662
2159184877
1971056533
1924770439
1765207524
1094829729
1721347370
1230433189
1275031455
1733634510
1238944364
1095782239
1630149361
1444300348
1743600494
1909112699
2075367972
1661964471
1097605955
1229580202
1741598616
1395053926
1825549236
1800507519
1249382590
1462274914
2161747168
1114365127
1685996097
2018655990
1656344853
1167788314
2083584705
1784014671
1256731619
1175685155
1159603936
1763481024
1870352338
2026881790
1370955462
1008272206
1470047145
1033923524
1432580902
1050535634
1925883346
2055718516
1493617937
1880620550
1772094086
2095733029
1227597911
1622353489
1547961520
2117702496
1677085211
1621628769
2006957326
1089829180
1491581919
1032088167
1848232064
1899414190
1788699689
1887820938
1235734893
1831204598
1847560185
1855214718
2131930825
1445230823
1653843612
1117975430
1859426008
1702589191
1095243915
2122888041
1624015807
1698032289
1693682897
2028924439
1459138533
1334711958
2084981831
1262377294
1896196843
1907627368
1349530620
1599779526
2042802942
1819555449
2193012519
1116112796
2151150269
1684694262
1825486611
1577470883
1177025713
1710310043
2169164121
1798230925
1906989457
2139698765
2044242021
2197302768
1901701730
1844392664
1619381021
1851274732
1551000530
1832593578
1512126872
1752304990
1981687322
2122253264
2145902357
1239874989
1121395203
1768083818
1095291927
1194648761
1365703548
1597061396
1956333554
1580149881
1014571009
1557930773
2041155546
2065024471
1119325638
1642198250
1692366052
1338721639
1743473683
1178907398
1935448700
1851339574
1061323055
1876068369
1828884204
1185461277
1405598696
1586235426
1550789943
2166780946
1331308077
1156940778
1142443261
1785803351
1959260437
1564357835
2115000821
1052635703
1027013670
1719015238
2138435291
1585606893
1167384561
1269449734
1814607990
2123722022
2185406124
1835724748
1161549887
1269542806
1826013822
1149354897
1825286045
1832596779
1712988571
1587012945
1410797338
1011610369
1587936206
1265583856
1577836695
1477595274
1705921560
1127883704
1787868093
1871219623
1121098524
1400324832
1635323128
1817355842
1537741324
1820833025
1556664264
1606570349
1933520256
1566038830
1873513894
1052017266
1467285059
2007829535
1073544977
2123701335
2168925582
1081189169
1143931874
1684263969
1984127653
2133219376
1591729520
2000794126
1632440069
1681775028
1440401720
2044897288
1650278152
1280306374
1208234954
2179206526
2059507465
2090795943
2044732075
1121834797
1277590028
1073522124
1988666623
1285698328
1659913286
2100153797
1913297023
1500927136
1634062763
1130368178
2078222734
1023507925
2119380548
1384287655
1971326705
1630683043
2043031397
1659623972
1171305146
1992375501
1788329047
1042590396
2156877814
2146587609
1584406196
1538693189
2147950773
1674496646
1424044221
1710533037
1208175409
1208958852
1362719779
1730166585
1563077033
1943433750
1798563060
1566445785
1231416384
2139719350
1483424854
1776672229
1942345390
1140169342
1580334291
1695260953
2158759854
1871239279
1119361479
1601601678
1473951712
1430474945
1884453212
1120656523
1980378592
1218001592
2136628452
1764839921
2111678316
1272399425
1384045335
1793237664
1347896084
1020578453
1748740347
1515629438
1259832949
1469037801
1537841381
1566030091
1085205143
1113522492
1529939204
1121610906
1289529695
1883409736
1656759236
1796405910
1611988849
1036632943
1534143874
1381421807
1711441442
1759935327
1667105535
2138441918
2024597282
2124734224
2172964047
1596771090
1264950435
2073946592
1909858872
1208112480
1856661793
2084358470
1504471757
2063838866
1194375360
1105372373
1114713126
2117425616
2039693299
1541677051
1367492044
1428357612
1997531654
1955242305
1469764213
1642794195
1627272169
1724314171
1255874818
1912765869
1690307238
1491557128
1997627359
2030988641
1252965981
1643680987
1235427226
1711350646
1421631062
1276652981
1118121577
2022895992
1938902542
1063873385
1420514675
2193939770
1909087967
1483656471
1079572782
2105131607
1338490137
1004643526
1969683540
1482763093
1278649669
1339790463
1094638752
1150040049
1574490849
1218448910
2149298490
1082348073
1455333840
1061634379
1910685330
1070852959
2035545612
1764124265
1016032896
1547400660
1137079599
1718859754
1548363041
1965287256
1474022705
1983836998
1711505847
1160069115
2075733476
1682920378
2062504412
1761381124
1232567278
1593477919
1486791854
1400459684
1657013196
1235816388
2140918653
1438326347
1102717722
2008511651
1073801915
1850967681
1857409252
1878716975
2168834822
1317541675
1497836185
1843861311
1405497869
1594498415
1105391868
1734090335
1136065538
1163366893
1614654117
2111085935
1094440977
1222231178
1340341029
1660068456
1866145460
1888961091
1366437304
1303257307
1761984520
2131454269
1900397795
1734591752
1401970886
1288115241
1515659618
2007167155
1815451465
2065519894
1111010214
2055889172
1448176298
1992360006
1098199836
1657497681
1124563894
1128239699
2125161922
1021363503
1704154295
1653830277
1731950690
1344580770
1183154364
1290047490
1313877499
1016736877
1020121411
1746571655
1816788231
2136027230
1676536406
1036538614
1929758604
1954207827
1530170124
2033114561
1389899084
1109351337
2169788315
1179288752
1057799844
1783171267
1243779754
1011840235
1076162495
1944847366
1264369967
1630080289
1607897620
1267795340
1670963901
2156083682
1139305676
1273683759
1544466232
1853131437
1398937783
1238526559
1490696423
2184236390
1648721704
1755545099
1052961823
1059001893
1926348016
1214773132
1156036882
1566838988
1555583232
1305569662
1926153566
1484182729
1544929702
1215591750
1065144966
1732433270
1043527313
1097119916
1146398519
1830484696
2068708352
1683744546
1915724697
1236423755
1161210949
1205985017
1938338432
1536676108
1794457692
2095581656
1831038079
1240350591
1061277658
1511107120
1525010896
1797074382
1102679556
1907303005
1426423911
1229185839
1381322684
1269642694
2126998015
2000919340
2195990806
1254788091
1081954615
1031507832
1203810574
1013627589
1633092880
1877972438
1914115527
1993844005
2046835168
2064076460
1092415103
1473920642
1089712981
1310186145
2041430870
2054177608
1404788417
1196129890
1234398784
1708407069
1537618317
1663558299
1496749863
1278733932
2186961309
1873883388
1462038680
1487754740
1300853824
1624064722
1402026127
2029276538
1348723161
1376210317
1188328779
1843159063
1967169423
1525030827
1338939729
1450273533
1680627967
2022881624
1319658062
1054488851
1500269351
1884695106
1356961023
2082694229
1008464354
1179109431
1391311460
1845568796
1772370459
1479778417
2178344425
1954369084
2135934353
1705746697
1296834688
1278955463
1748460992
1308704878
1774455079
1647981342
1162873266
2151980569
1688717996
1705284946
1174807379
1154890706
1611450721
1296296523
1911158122
1076192629
1036607731
1396040770
1874377328
1700758261
1648203858
1263317447
1725287369
2086796816
1641507645
1427963313
1040596158
2172759631
1668688059
1438409631
1114064792
1807564272
2028361637
1245662410
1466005440
1305379696
1834789703
1669490503
2136036487
2047861250
1197926393
2082885952
1732720860
1495653082
1896143579
1722017515
1359512078
2045996849
1001321137
2028220948
1968467454
2021470987
1465686294
1663260397
1045696028
1910084328
1051159276
1301125056
1973791534
1006607546
1760822907
2170029373
1962559574
1878006954
1074962711
2056321590
2122913946
1680480057
1059340189
1635642161
1073324428
1035533657
1713080770
1632404733
1341503445
1104047402
1015786316
2148193042
1033925150
1594058590
1320550682
1495898007
1795521298
1633445070
1055077644
1651052296
1723638878
1636080039
1735295851
1308505752
1833654875
1754713967
2159167234
1348682053
1335735028
1685303330
2089164202
1624467550
2088738001
1747082671
1018206919
2147271487
1896809177
